<?xml version="1.0"?>
<opencv_storage>
<my_matrix type_id="opencv-matrix">
  <rows>5</rows>
  <cols>5</cols>
  <dt>f</dt>
  <data>
    4.85625191e+001 2.80259693e-044 1.84687999e-038 1.40129846e-045
    1.84688223e-038 7.00649232e-045 7.00649232e-045 -431602080.
    -4.22016832e+037 1.40129846e-043 7.17262623e-008 3.87658935e-034
    -7.82119660e-038 2.35142727e+001 3.17850447e+000 8.19567116e+018 0.
    0. -2.21078924e+024 3.39863272e-028 2.42465168e-035 6.16942913e-028
    0. 0. 7.56986216e-002</data></my_matrix>
</opencv_storage>
